# NPC id -> creature family (ATM-044) - generated by sound-pack.py from the server's NPC
# names and its FAMILIES table. Edit that table, not this file.
aquatic = 462, 463, 464
bear = 8, 188
bird = 3, 252, 777, 880
camel = 653
construct = 295, 843, 844, 845, 846, 847, 848
cow = 6
demon = 22, 35, 114, 181, 184, 290, 315, 568, 645, 646, 647, 769, 809, 857, 858, 861, 877, 883, 896
dragon = 196, 201, 202, 203, 291, 477, 838, 859, 860, 869, 878, 879, 881
earth = 584, 705
female = 237
fire = 361
ghost = 53, 80, 178, 615, 664, 768, 787, 882, 893
giant = 43, 61, 104, 135, 312, 344, 384, 401, 523, 525, 531, 594, 684, 697, 704, 706, 849, 851, 865, 866, 871
goblin = 4, 62, 109, 153, 154, 192, 259, 651, 660
hellhound = 294, 852, 864, 887
human = 5, 11, 21, 25, 37, 63, 64, 65, 66, 72, 76, 78, 86, 89, 93, 94, 100, 102, 108, 127, 137, 139, 140, 159, 182, 189, 190, 199, 232, 234, 236, 238, 251, 264, 265, 266, 276, 277, 293, 318, 319, 320, 321, 322, 323, 324, 338, 342, 348, 351, 352, 356, 364, 383, 388, 399, 402, 407, 409, 410, 416, 417, 420, 421, 425, 426, 428, 438, 439, 440, 441, 442, 495, 502, 518, 519, 550, 551, 557, 558, 559, 562, 574, 582, 583, 585, 586, 592, 593, 595, 597, 598, 599, 600, 602, 603, 604, 605, 606, 607, 608, 632, 633, 634, 635, 636, 637, 638, 639, 640, 641, 663, 668, 669, 670, 671, 690, 692, 694, 699, 702, 703, 710, 716, 717, 718, 729, 761, 762, 772, 816, 836, 837, 867, 870, 876, 886, 888, 889, 890, 891, 895, 897, 899
ice = 158, 254, 868
lycanthrope = 244
mage = 57, 60, 81, 200, 270, 358, 555, 567, 658, 713, 757, 758, 759, 760, 766, 767, 789, 790, 791
orc = 67, 311, 683, 776
otherworldly = 298
plant = 216, 798, 802
spider = 23, 34, 70, 74, 99, 136, 263, 271, 292, 343, 386, 521, 631, 656, 786, 850, 855, 856, 862, 863, 874, 875, 884, 885
undead = 40, 41, 45, 46, 50, 52, 68, 96, 179, 180, 195, 214, 359, 498, 516, 542, 613, 614, 644, 655, 853, 854, 872, 873, 894, 898
unicorn = 0, 296
vermin = 19, 29, 47, 177, 367, 473
witch = 79
wolf = 239, 243, 248, 249, 262, 721, 775
worm = 630
